1674
1729
1760
231
1613
869
1802
241
5
108
1674
5
907
1613
1613
304
1130
231
1488
1127
231
1323
1674
300
855
2026
1912
642
1613
1228
1802
1191
380
231
478
621
642
1613
1488
902
1674
1613
1521
882
2027
2027
1488
1613
1732
5
231
339
1389
1675
544
1238
544
642
2336
1246
1510
1816
1635
1696
177
1510
1581
1248
5
1983
2027
255
1510
1926
671
709
853
1926
2027
231
231
678
1727
177
296
2027
2225
621
1499
1499
1925
5
2210
2210
1532
5
1356
869
1532
1241
1532
2210
1532
2210
953
2210
1532
1983
1532
1611
118
1965
384
1532
2210
1605
245
5
69
869
445
1605
2210
1835
2210
183
2210
510
1281
249
1866
2210
1822
1828
1185
1879
1532
5
2210
1532
2210
1365
1611
1131
1978
1274
1532
5
1532
1532
618
1532
635
2210
2210
1532
2210
853
2635
231
1676
2210
2018
1532
1532
1532
5
231
2210
1098
1228
1532
2210
1532
571
475
571
1605
2210
2210
1532
1532
1532
1674
1532
1532
1410
1532
1532
168
2210
2210
2210
1532
1351
1532
1532
483
307
2210
2622
122
1340
409
1452
2210
231
1532
1532
1532
2210
1180
2210
1532
1682
1532
1360
1532
1809
642
1802
1532
1532
231
1456
3119
1116
1938
27
1674
1674
692
845
5
1273
5
384
245
756
1613
1740
1488
1488
1511
2027
1613
169
231
1801
1488
1389
1613
1613
1281
1281
5
5
5
5
5
5
5
5
5
1425
1174
1613
1613
141
1344
1912
1674
1674
1613
1613
1613
2026
1445
1531
1674
2001
1613
1946
1912
2026
2026
2228
1274
1979
1728
2333
1613
642
191
1449
1613
1740
1613
641
1747
387
5
5
5
684
1613
1754
921
928
1912
2511
1173
