45
46
48
52
81
82
87
104
113
133
137
141
142
142
145
148
151
153
160
176
190
204
206
221
221
234
243
245
263
272
286
295
332
338
352
353
355
370
389
400
407
408
419
436
447
462
465
480
484
499
504
509
514
522
539
560
565
567
608
626
627
642
664
673
677
684
688
688
706
717
738
757
769
769
778
786
788
792
794
807
819
861
861
893
894
896
900
900
911
921
923
949
952
961
964
1022
1072
1092
1135
1136
1136
1140
1143
1198
1211
1226
1227
1228
1235
1270
1280
1294
1297
1299
1312
1322
1335
1348
1352
1357
1372
1379
1381
1387
1399
1421
1429
1430
1448
1494
1498
1503
1520
1537
1552
1561
1587
1595
1621
1626
1631
1638
1686
1693
1700
1702
1704
1727
1737
1772
1790
1812
1814
1829
1856
1865
1883
1918
1927
1935
1939
1946
1946
1956
1963
1984
1985
1991
2024
2029
2030
2055
2071
2082
2082
2090
2103
2116
2121
2146
2159
2172
2213
2223
2231
2248
2282
2297
2316
2340
2366
2380
2382
2403
2406
2409
2423
2431
2440
2462
2477
2488
2496
2497
2503
2516
2553
2560
2573
2575
2583
2592
2629
2630
2641
2645
2646
2661
2662
2671
2676
2678
2701
2702
2720
2729
2729
2737
2750
2754
2758
2760
2763
2776
2780
2806
2807
2817
2828
2843
2845
2848
2865
2867
2868
2872
2883
2912
2917
2924
2935
2961
2978
2984
3010
3013
3018
3021
3033
3033
3039
3047
3068
3074
3080
3085
3100
3106
3134
3141
3148
3150
3150
3182
3199
3199
3215
3221
3233
3245
3249
3251
3256
3274
3290
3295
3298
3306
3312
3334
3343
3362
3368
3389
3398
3404
3406
3408
3423
3425
3429
3430
3448
3456
3461
3468
3479
